470 15
0 44 1 11 2 48 3 65 4 42 5 56 6 65 7 87 8 72 9 68 10 63 11 31 12 24 13 71 14 30
0 86 1 77 2 52 3 50 4 44 5 32 6 11 7 19 8 49 9 58 10 25 11 92 12 81 13 47 14 50
0 63 1 18 2 2 3 1 4 3 5 66 6 3 7 48 8 68 9 42 10 13 11 6 12 71 13 23 14 21
0 51 1 3 2 35 3 69 4 53 5 80 6 83 7 96 8 68 9 18 10 44 11 44 12 81 13 70 14 34
0 18 1 98 2 68 3 43 4 57 5 95 6 41 7 6 8 27 9 10 10 18 11 91 12 8 13 1 14 30
0 93 1 14 2 39 3 95 4 20 5 20 6 58 7 72 8 9 9 62 10 10 11 83 12 39 13 13 14 99
0 39 1 64 2 1 3 69 4 77 5 84 6 37 7 92 8 49 9 19 10 31 11 29 12 36 13 11 14 29
0 14 1 16 2 73 3 19 4 72 5 13 6 14 7 22 8 33 9 2 10 66 11 10 12 60 13 18 14 92
0 23 1 72 2 25 3 8 4 39 5 23 6 95 7 99 8 58 9 9 10 39 11 39 12 88 13 95 14 79
0 50 1 79 2 14 3 2 4 77 5 18 6 55 7 88 8 37 9 53 10 22 11 41 12 58 13 13 14 40
0 17 1 86 2 76 3 71 4 75 5 57 6 99 7 10 8 5 9 86 10 49 11 66 12 81 13 12 14 68
0 61 1 62 2 10 3 69 4 53 5 84 6 94 7 61 8 63 9 4 10 53 11 27 12 46 13 83 14 24
0 59 1 64 2 9 3 70 4 1 5 96 6 91 7 4 8 64 9 88 10 81 11 45 12 60 13 80 14 61
0 68 1 34 2 13 3 43 4 9 5 82 6 61 7 92 8 51 9 76 10 1 11 10 12 5 13 16 14 5
0 7 1 6 2 88 3 9 4 44 5 7 6 82 7 32 8 55 9 97 10 13 11 86 12 61 13 45 14 8
0 4 1 76 2 27 3 69 4 67 5 11 6 10 7 92 8 48 9 33 10 9 11 22 12 55 13 68 14 75
0 64 1 94 2 86 3 98 4 20 5 19 6 10 7 89 8 95 9 4 10 50 11 77 12 92 13 66 14 53
0 31 1 29 2 7 3 40 4 26 5 72 6 79 7 58 8 46 9 96 10 43 11 93 12 49 13 27 14 48
0 63 1 53 2 72 3 2 4 51 5 39 6 19 7 60 8 66 9 99 10 16 11 62 12 2 13 44 14 14
0 85 1 31 2 75 3 30 4 18 5 14 6 24 7 81 8 67 9 60 10 55 11 54 12 26 13 14 14 28
0 70 1 36 2 78 3 79 4 89 5 61 6 21 7 14 8 99 9 63 10 18 11 10 12 41 13 17 14 77
0 74 1 31 2 39 3 40 4 6 5 97 6 29 7 30 8 86 9 18 10 64 11 12 12 49 13 75 14 97
0 96 1 1 2 25 3 44 4 45 5 97 6 42 7 79 8 85 9 47 10 2 11 7 12 67 13 99 14 40
0 48 1 53 2 27 3 59 4 58 5 48 6 68 7 65 8 60 9 98 10 5 11 28 12 68 13 87 14 45
0 89 1 96 2 92 3 72 4 21 5 84 6 21 7 50 8 13 9 1 10 10 11 51 12 2 13 53 14 49
0 59 1 19 2 6 3 79 4 47 5 50 6 53 7 85 8 51 9 93 10 4 11 18 12 6 13 63 14 65
0 63 1 38 2 86 3 83 4 43 5 95 6 74 7 91 8 55 9 91 10 87 11 65 12 19 13 8 14 58
0 40 1 19 2 77 3 91 4 43 5 61 6 43 7 53 8 69 9 88 10 54 11 54 12 5 13 72 14 20
0 96 1 9 2 76 3 41 4 12 5 43 6 46 7 80 8 87 9 18 10 56 11 8 12 58 13 43 14 75
0 57 1 63 2 5 3 78 4 88 5 4 6 85 7 75 8 64 9 63 10 28 11 18 12 51 13 74 14 31
0 50 1 34 2 39 3 26 4 18 5 12 6 92 7 67 8 66 9 48 10 18 11 10 12 56 13 24 14 97
0 47 1 6 2 59 3 75 4 78 5 63 6 47 7 37 8 49 9 15 10 19 11 69 12 54 13 40 14 99
0 50 1 75 2 84 3 45 4 21 5 84 6 12 7 59 8 94 9 71 10 41 11 82 12 69 13 28 14 29
0 25 1 94 2 91 3 34 4 82 5 9 6 28 7 33 8 57 9 17 10 99 11 40 12 28 13 59 14 60
0 98 1 63 2 74 3 98 4 84 5 62 6 11 7 96 8 17 9 19 10 97 11 84 12 28 13 24 14 46
0 1 1 99 2 63 3 9 4 41 5 70 6 99 7 57 8 98 9 19 10 46 11 74 12 98 13 55 14 8
0 11 1 67 2 28 3 29 4 86 5 47 6 31 7 64 8 67 9 35 10 27 11 30 12 15 13 16 14 94
0 69 1 72 2 37 3 26 4 25 5 31 6 77 7 95 8 72 9 70 10 2 11 86 12 92 13 36 14 39
0 67 1 17 2 54 3 68 4 99 5 61 6 52 7 81 8 71 9 54 10 21 11 96 12 47 13 77 14 98
0 78 1 16 2 37 3 57 4 19 5 52 6 62 7 55 8 83 9 22 10 41 11 42 12 52 13 76 14 23
0 82 1 23 2 61 3 25 4 6 5 96 6 8 7 37 8 46 9 36 10 67 11 5 12 67 13 12 14 5
0 40 1 25 2 66 3 86 4 55 5 97 6 72 7 29 8 71 9 24 10 16 11 53 12 66 13 72 14 26
0 24 1 14 2 67 3 43 4 10 5 1 6 59 7 88 8 50 9 45 10 87 11 53 12 38 13 77 14 43
0 86 1 49 2 96 3 66 4 8 5 68 6 69 7 78 8 95 9 86 10 56 11 11 12 74 13 19 14 85
0 36 1 40 2 94 3 51 4 31 5 77 6 38 7 11 8 42 9 14 10 76 11 88 12 95 13 42 14 64
0 46 1 79 2 2 3 95 4 13 5 89 6 61 7 15 8 31 9 54 10 58 11 29 12 79 13 95 14 82
0 58 1 12 2 81 3 77 4 21 5 22 6 83 7 97 8 46 9 13 10 82 11 77 12 69 13 79 14 5
0 3 1 55 2 95 3 54 4 97 5 73 6 58 7 75 8 9 9 40 10 73 11 34 12 92 13 64 14 42
0 64 1 15 2 1 3 47 4 30 5 97 6 62 7 64 8 46 9 99 10 41 11 54 12 44 13 76 14 59
0 24 1 83 2 86 3 84 4 46 5 72 6 68 7 93 8 41 9 45 10 41 11 68 12 23 13 16 14 51
0 69 1 45 2 75 3 87 4 15 5 57 6 64 7 85 8 89 9 23 10 49 11 83 12 99 13 66 14 9
0 20 1 44 2 86 3 8 4 7 5 5 6 77 7 55 8 57 9 67 10 2 11 28 12 22 13 66 14 8
0 88 1 59 2 55 3 68 4 86 5 83 6 12 7 78 8 91 9 48 10 87 11 45 12 88 13 29 14 58
0 52 1 22 2 62 3 57 4 50 5 83 6 60 7 53 8 21 9 84 10 70 11 58 12 13 13 65 14 43
0 80 1 36 2 56 3 91 4 49 5 40 6 96 7 25 8 35 9 61 10 5 11 74 12 42 13 69 14 93
0 91 1 45 2 15 3 36 4 57 5 48 6 58 7 83 8 29 9 82 10 15 11 36 12 64 13 30 14 84
0 38 1 64 2 72 3 86 4 2 5 88 6 3 7 95 8 43 9 83 10 90 11 72 12 40 13 2 14 62
0 87 1 29 2 36 3 1 4 52 5 29 6 99 7 37 8 76 9 19 10 54 11 28 12 12 13 11 14 94
0 84 1 69 2 66 3 93 4 47 5 18 6 92 7 20 8 86 9 8 10 93 11 18 12 15 13 99 14 59
0 56 1 70 2 61 3 40 4 70 5 10 6 10 7 31 8 39 9 54 10 87 11 39 12 78 13 16 14 35
0 34 1 54 2 94 3 48 4 63 5 73 6 15 7 58 8 18 9 47 10 13 11 18 12 23 13 61 14 80
0 69 1 55 2 45 3 2 4 53 5 93 6 39 7 88 8 78 9 78 10 98 11 57 12 25 13 33 14 64
0 40 1 73 2 79 3 2 4 71 5 17 6 30 7 31 8 29 9 3 10 72 11 76 12 34 13 74 14 56
0 18 1 64 2 19 3 42 4 63 5 57 6 94 7 46 8 70 9 15 10 94 11 98 12 88 13 2 14 36
0 72 1 61 2 64 3 42 4 58 5 29 6 11 7 7 8 23 9 2 10 42 11 24 12 45 13 97 14 78
0 45 1 40 2 12 3 59 4 87 5 88 6 10 7 91 8 69 9 34 10 26 11 50 12 48 13 47 14 20
0 56 1 18 2 43 3 57 4 36 5 60 6 95 7 91 8 58 9 77 10 33 11 58 12 91 13 16 14 69
0 43 1 5 2 4 3 10 4 59 5 24 6 56 7 22 8 1 9 66 10 8 11 3 12 67 13 10 14 95
0 6 1 68 2 98 3 27 4 41 5 30 6 41 7 58 8 97 9 51 10 75 11 48 12 61 13 77 14 81
0 69 1 22 2 32 3 31 4 65 5 38 6 99 7 65 8 10 9 38 10 68 11 67 12 28 13 21 14 67
0 20 1 97 2 94 3 8 4 43 5 63 6 2 7 41 8 91 9 41 10 51 11 15 12 34 13 12 14 2
0 93 1 98 2 30 3 40 4 57 5 48 6 27 7 34 8 65 9 3 10 89 11 34 12 5 13 5 14 62
0 21 1 13 2 66 3 32 4 40 5 72 6 64 7 31 8 2 9 34 10 20 11 12 12 57 13 61 14 91
0 8 1 11 2 44 3 2 4 7 5 33 6 64 7 56 8 1 9 76 10 25 11 53 12 31 13 10 14 82
0 17 1 29 2 18 3 86 4 12 5 79 6 76 7 87 8 55 9 99 10 45 11 87 12 59 13 7 14 20
0 17 1 75 2 50 3 13 4 90 5 55 6 97 7 32 8 35 9 72 10 69 11 76 12 21 13 20 14 38
0 76 1 56 2 32 3 13 4 21 5 95 6 60 7 89 8 3 9 87 10 34 11 84 12 22 13 92 14 6
0 20 1 90 2 64 3 76 4 76 5 13 6 22 7 39 8 65 9 63 10 80 11 54 12 14 13 85 14 80
0 89 1 35 2 30 3 49 4 99 5 92 6 13 7 42 8 79 9 49 10 43 11 60 12 49 13 71 14 18
0 49 1 17 2 85 3 36 4 31 5 99 6 99 7 53 8 77 9 23 10 34 11 50 12 59 13 6 14 84
0 85 1 8 2 56 3 51 4 91 5 19 6 36 7 83 8 54 9 67 10 95 11 51 12 85 13 4 14 64
0 32 1 9 2 35 3 72 4 94 5 9 6 16 7 75 8 4 9 13 10 13 11 87 12 56 13 51 14 85
0 26 1 80 2 34 3 87 4 10 5 90 6 8 7 63 8 63 9 93 10 56 11 89 12 57 13 16 14 29
0 22 1 31 2 45 3 9 4 89 5 5 6 10 7 54 8 76 9 35 10 52 11 49 12 34 13 85 14 17
0 88 1 94 2 90 3 9 4 41 5 83 6 10 7 61 8 83 9 45 10 80 11 70 12 6 13 49 14 14
0 31 1 81 2 27 3 81 4 83 5 98 6 21 7 92 8 35 9 62 10 43 11 23 12 38 13 18 14 85
0 52 1 12 2 16 3 68 4 87 5 94 6 58 7 72 8 78 9 53 10 75 11 82 12 86 13 92 14 30
0 24 1 59 2 65 3 29 4 80 5 6 6 26 7 55 8 89 9 19 10 61 11 35 12 35 13 36 14 25
0 73 1 74 2 84 3 76 4 95 5 73 6 76 7 46 8 15 9 44 10 95 11 13 12 22 13 28 14 93
0 55 1 40 2 58 3 11 4 87 5 68 6 76 7 9 8 30 9 75 10 44 11 39 12 97 13 1 14 60
0 17 1 73 2 10 3 68 4 82 5 39 6 87 7 77 8 12 9 98 10 36 11 68 12 7 13 21 14 75
0 84 1 61 2 20 3 4 4 71 5 97 6 26 7 32 8 35 9 40 10 91 11 62 12 36 13 32 14 13
0 6 1 54 2 25 3 38 4 14 5 13 6 59 7 30 8 93 9 91 10 23 11 36 12 79 13 8 14 97
0 27 1 32 2 70 3 94 4 30 5 64 6 14 7 75 8 79 9 81 10 44 11 82 12 78 13 65 14 41
0 88 1 60 2 23 3 57 4 50 5 86 6 93 7 80 8 59 9 25 10 52 11 87 12 27 13 15 14 88
0 33 1 80 2 43 3 43 4 22 5 46 6 36 7 31 8 95 9 41 10 10 11 20 12 21 13 13 14 86
0 95 1 18 2 7 3 22 4 12 5 10 6 87 7 83 8 55 9 32 10 61 11 11 12 38 13 15 14 69
0 88 1 36 2 10 3 6 4 64 5 69 6 56 7 6 8 99 9 18 10 44 11 15 12 54 13 6 14 77
0 31 1 93 2 29 3 81 4 22 5 93 6 66 7 89 8 66 9 44 10 77 11 88 12 42 13 49 14 4
0 92 1 94 2 49 3 34 4 16 5 7 6 71 7 52 8 67 9 57 10 97 11 42 12 62 13 57 14 12
0 51 1 91 2 7 3 57 4 25 5 3 6 40 7 39 8 40 9 36 10 78 11 44 12 17 13 2 14 26
0 79 1 13 2 94 3 15 4 83 5 64 6 71 7 75 8 94 9 47 10 1 11 97 12 21 13 51 14 67
0 94 1 96 2 54 3 3 4 97 5 82 6 64 7 34 8 97 9 37 10 98 11 24 12 40 13 74 14 30
0 60 1 40 2 16 3 46 4 39 5 98 6 89 7 40 8 42 9 67 10 36 11 10 12 1 13 59 14 44
0 9 1 58 2 19 3 68 4 88 5 89 6 88 7 38 8 11 9 54 10 24 11 97 12 90 13 97 14 19
0 54 1 18 2 16 3 22 4 37 5 24 6 38 7 74 8 14 9 76 10 56 11 25 12 59 13 34 14 45
0 57 1 74 2 2 3 38 4 32 5 77 6 72 7 54 8 89 9 20 10 66 11 30 12 74 13 37 14 88
0 49 1 37 2 82 3 37 4 98 5 16 6 6 7 49 8 91 9 10 10 47 11 87 12 47 13 72 14 51
0 63 1 82 2 84 3 67 4 36 5 51 6 21 7 13 8 8 9 61 10 43 11 13 12 68 13 57 14 65
0 63 1 68 2 6 3 73 4 70 5 20 6 83 7 72 8 73 9 88 10 89 11 91 12 52 13 69 14 9
0 78 1 14 2 82 3 95 4 90 5 58 6 71 7 20 8 93 9 17 10 55 11 8 12 96 13 6 14 58
0 69 1 58 2 49 3 98 4 55 5 5 6 94 7 62 8 59 9 25 10 11 11 19 12 89 13 49 14 72
0 85 1 78 2 92 3 2 4 45 5 12 6 18 7 47 8 67 9 18 10 99 11 82 12 94 13 98 14 62
0 50 1 43 2 67 3 28 4 85 5 64 6 83 7 98 8 69 9 89 10 30 11 60 12 79 13 29 14 93
0 69 1 67 2 8 3 53 4 85 5 12 6 85 7 38 8 72 9 2 10 19 11 56 12 58 13 68 14 18
0 43 1 47 2 44 3 53 4 92 5 20 6 19 7 38 8 18 9 6 10 80 11 77 12 24 13 41 14 51
0 97 1 1 2 11 3 81 4 35 5 91 6 78 7 32 8 12 9 10 10 12 11 62 12 57 13 92 14 37
0 48 1 36 2 63 3 25 4 43 5 34 6 79 7 93 8 7 9 33 10 7 11 27 12 45 13 52 14 22
0 82 1 43 2 85 3 83 4 59 5 60 6 63 7 9 8 36 9 20 10 42 11 19 12 37 13 61 14 70
0 32 1 34 2 9 3 9 4 95 5 66 6 64 7 85 8 13 9 29 10 77 11 30 12 55 13 22 14 99
0 9 1 15 2 31 3 16 4 84 5 24 6 69 7 25 8 73 9 75 10 68 11 36 12 87 13 75 14 44
0 4 1 36 2 12 3 85 4 61 5 96 6 11 7 82 8 53 9 74 10 57 11 63 12 33 13 14 14 38
0 91 1 92 2 2 3 59 4 84 5 15 6 12 7 83 8 9 9 28 10 10 11 73 12 84 13 84 14 85
0 24 1 9 2 30 3 67 4 87 5 27 6 55 7 11 8 79 9 39 10 86 11 95 12 30 13 51 14 17
0 86 1 21 2 92 3 78 4 65 5 22 6 40 7 94 8 76 9 26 10 13 11 34 12 82 13 91 14 86
0 48 1 33 2 85 3 3 4 88 5 71 6 36 7 76 8 7 9 43 10 42 11 18 12 20 13 92 14 39
0 41 1 73 2 59 3 26 4 2 5 94 6 96 7 27 8 72 9 2 10 25 11 48 12 37 13 42 14 51
0 47 1 94 2 74 3 63 4 74 5 3 6 44 7 65 8 65 9 86 10 31 11 8 12 56 13 77 14 33
0 26 1 24 2 12 3 7 4 99 5 43 6 68 7 2 8 27 9 21 10 16 11 91 12 40 13 34 14 37
0 38 1 76 2 15 3 66 4 3 5 75 6 86 7 58 8 92 9 91 10 79 11 6 12 57 13 97 14 65
0 92 1 64 2 51 3 77 4 69 5 25 6 64 7 7 8 16 9 87 10 40 11 49 12 94 13 92 14 91
0 63 1 47 2 16 3 10 4 90 5 68 6 7 7 51 8 16 9 86 10 70 11 38 12 91 13 2 14 51
0 25 1 15 2 48 3 54 4 44 5 18 6 86 7 36 8 12 9 1 10 2 11 43 12 8 13 8 14 45
0 34 1 92 2 32 3 25 4 49 5 33 6 61 7 87 8 47 9 50 10 12 11 99 12 52 13 20 14 97
0 22 1 85 2 12 3 8 4 55 5 46 6 59 7 13 8 59 9 74 10 8 11 33 12 65 13 76 14 43
0 10 1 40 2 40 3 52 4 64 5 46 6 17 7 13 8 88 9 22 10 82 11 10 12 90 13 82 14 2
0 85 1 37 2 86 3 14 4 18 5 45 6 61 7 73 8 37 9 67 10 6 11 2 12 10 13 30 14 38
0 92 1 95 2 30 3 8 4 36 5 77 6 39 7 18 8 27 9 86 10 26 11 24 12 13 13 14 14 58
0 20 1 66 2 26 3 28 4 17 5 77 6 44 7 14 8 5 9 85 10 56 11 64 12 2 13 51 14 4
0 83 1 9 2 86 3 56 4 6 5 66 6 63 7 56 8 36 9 18 10 33 11 34 12 24 13 51 14 91
0 93 1 16 2 94 3 27 4 34 5 87 6 19 7 29 8 42 9 58 10 79 11 76 12 47 13 45 14 99
0 90 1 18 2 64 3 53 4 84 5 75 6 43 7 14 8 23 9 53 10 51 11 11 12 21 13 30 14 85
0 18 1 27 2 31 3 26 4 25 5 83 6 54 7 91 8 37 9 35 10 97 11 55 12 94 13 19 14 83
0 91 1 10 2 15 3 50 4 48 5 22 6 27 7 36 8 82 9 26 10 31 11 38 12 27 13 6 14 32
0 46 1 45 2 51 3 57 4 55 5 9 6 91 7 85 8 3 9 66 10 97 11 70 12 59 13 41 14 74
0 57 1 21 2 79 3 77 4 15 5 24 6 77 7 45 8 4 9 49 10 83 11 68 12 40 13 39 14 49
0 35 1 28 2 39 3 69 4 92 5 26 6 51 7 97 8 56 9 65 10 9 11 15 12 1 13 41 14 84
0 70 1 16 2 82 3 55 4 44 5 19 6 34 7 14 8 82 9 72 10 68 11 71 12 23 13 73 14 11
0 78 1 99 2 47 3 99 4 72 5 37 6 6 7 12 8 86 9 99 10 40 11 39 12 75 13 98 14 83
0 58 1 60 2 83 3 26 4 66 5 42 6 34 7 64 8 65 9 9 10 13 11 31 12 89 13 97 14 62
0 77 1 8 2 83 3 15 4 42 5 92 6 70 7 47 8 5 9 55 10 15 11 21 12 94 13 68 14 25
0 70 1 29 2 45 3 25 4 73 5 31 6 79 7 35 8 28 9 31 10 7 11 54 12 5 13 9 14 84
0 5 1 14 2 23 3 22 4 19 5 9 6 26 7 29 8 94 9 3 10 8 11 35 12 50 13 55 14 56
0 8 1 26 2 26 3 60 4 36 5 11 6 50 7 98 8 40 9 5 10 76 11 6 12 40 13 82 14 32
0 8 1 61 2 4 3 98 4 64 5 55 6 70 7 80 8 8 9 9 10 42 11 93 12 7 13 97 14 1
0 13 1 98 2 36 3 15 4 55 5 11 6 46 7 4 8 6 9 45 10 50 11 59 12 15 13 61 14 30
0 98 1 3 2 15 3 84 4 42 5 78 6 60 7 56 8 50 9 39 10 75 11 49 12 86 13 32 14 28
0 63 1 13 2 26 3 72 4 89 5 62 6 57 7 72 8 61 9 23 10 51 11 15 12 87 13 54 14 44
0 6 1 98 2 1 3 67 4 1 5 7 6 12 7 22 8 64 9 63 10 65 11 17 12 80 13 48 14 79
0 45 1 79 2 25 3 26 4 62 5 12 6 93 7 58 8 83 9 37 10 7 11 84 12 10 13 84 14 29
0 33 1 79 2 53 3 70 4 57 5 97 6 46 7 12 8 87 9 37 10 20 11 27 12 51 13 55 14 58
0 91 1 85 2 17 3 72 4 16 5 45 6 97 7 45 8 32 9 99 10 53 11 51 12 4 13 66 14 85
0 48 1 99 2 50 3 28 4 92 5 72 6 62 7 15 8 69 9 59 10 25 11 5 12 73 13 8 14 10
0 84 1 56 2 45 3 17 4 87 5 54 6 84 7 76 8 48 9 17 10 91 11 53 12 32 13 31 14 55
0 21 1 18 2 61 3 70 4 70 5 68 6 1 7 64 8 50 9 42 10 11 11 38 12 47 13 32 14 27
0 76 1 17 2 81 3 46 4 25 5 89 6 81 7 38 8 76 9 39 10 4 11 62 12 85 13 6 14 63
0 75 1 59 2 70 3 8 4 4 5 47 6 70 7 25 8 84 9 42 10 23 11 84 12 25 13 96 14 8
0 39 1 12 2 6 3 4 4 50 5 26 6 30 7 82 8 89 9 36 10 1 11 49 12 94 13 12 14 56
0 4 1 92 2 59 3 4 4 80 5 79 6 88 7 87 8 20 9 98 10 86 11 8 12 94 13 79 14 89
0 86 1 5 2 40 3 63 4 60 5 22 6 99 7 3 8 28 9 28 10 55 11 77 12 33 13 5 14 56
0 5 1 64 2 34 3 75 4 14 5 62 6 55 7 53 8 7 9 56 10 45 11 42 12 85 13 68 14 10
0 11 1 97 2 66 3 51 4 60 5 9 6 12 7 28 8 77 9 12 10 43 11 94 12 88 13 76 14 57
0 48 1 61 2 48 3 42 4 28 5 61 6 15 7 68 8 77 9 87 10 68 11 12 12 42 13 44 14 85
0 55 1 52 2 40 3 99 4 54 5 41 6 59 7 99 8 60 9 94 10 89 11 73 12 89 13 82 14 70
0 55 1 30 2 84 3 86 4 78 5 62 6 12 7 75 8 25 9 6 10 76 11 74 12 80 13 40 14 61
0 18 1 38 2 2 3 95 4 73 5 61 6 28 7 90 8 94 9 54 10 18 11 99 12 35 13 69 14 73
0 51 1 36 2 85 3 30 4 30 5 74 6 65 7 76 8 91 9 7 10 87 11 62 12 77 13 3 14 70
0 3 1 45 2 14 3 94 4 96 5 57 6 39 7 11 8 15 9 26 10 6 11 20 12 62 13 34 14 31
0 76 1 34 2 7 3 90 4 68 5 73 6 97 7 54 8 91 9 99 10 45 11 66 12 36 13 23 14 56
0 12 1 47 2 70 3 72 4 58 5 85 6 12 7 54 8 81 9 84 10 34 11 88 12 87 13 93 14 38
0 25 1 62 2 37 3 11 4 40 5 24 6 47 7 80 8 5 9 86 10 49 11 74 12 2 13 82 14 86
0 44 1 5 2 16 3 76 4 42 5 50 6 43 7 61 8 85 9 72 10 68 11 77 12 92 13 49 14 93
0 48 1 44 2 98 3 51 4 10 5 7 6 40 7 60 8 71 9 49 10 61 11 96 12 40 13 93 14 70
0 36 1 20 2 25 3 7 4 30 5 9 6 26 7 34 8 23 9 31 10 99 11 17 12 1 13 16 14 89
0 12 1 11 2 72 3 79 4 36 5 17 6 8 7 95 8 30 9 23 10 30 11 80 12 47 13 39 14 70
0 17 1 55 2 43 3 22 4 3 5 10 6 24 7 72 8 93 9 22 10 85 11 22 12 62 13 58 14 26
0 80 1 95 2 73 3 3 4 69 5 59 6 37 7 88 8 77 9 78 10 91 11 49 12 96 13 40 14 14
0 44 1 7 2 27 3 80 4 99 5 87 6 15 7 19 8 37 9 51 10 57 11 95 12 88 13 51 14 31
0 19 1 26 2 44 3 95 4 8 5 74 6 6 7 60 8 63 9 13 10 9 11 44 12 84 13 94 14 98
0 25 1 22 2 63 3 74 4 42 5 54 6 12 7 26 8 81 9 4 10 49 11 87 12 7 13 29 14 71
0 87 1 67 2 40 3 13 4 85 5 90 6 41 7 34 8 96 9 44 10 68 11 5 12 84 13 10 14 70
0 32 1 22 2 43 3 24 4 92 5 58 6 30 7 86 8 61 9 49 10 39 11 96 12 53 13 84 14 11
0 40 1 97 2 93 3 53 4 25 5 94 6 19 7 83 8 90 9 52 10 84 11 83 12 23 13 88 14 65
0 22 1 66 2 23 3 63 4 56 5 28 6 26 7 8 8 27 9 56 10 47 11 90 12 81 13 31 14 1
0 1 1 36 2 43 3 34 4 36 5 36 6 53 7 12 8 43 9 22 10 59 11 72 12 71 13 11 14 64
0 11 1 17 2 22 3 59 4 2 5 43 6 16 7 3 8 12 9 72 10 49 11 98 12 28 13 8 14 48
0 82 1 57 2 52 3 36 4 39 5 89 6 76 7 68 8 98 9 21 10 32 11 6 12 3 13 62 14 98
0 9 1 20 2 69 3 57 4 31 5 32 6 51 7 39 8 74 9 93 10 14 11 4 12 20 13 91 14 82
0 80 1 79 2 40 3 12 4 3 5 14 6 50 7 11 8 87 9 71 10 28 11 67 12 20 13 78 14 83
0 78 1 2 2 63 3 29 4 27 5 71 6 1 7 44 8 61 9 36 10 26 11 91 12 10 13 67 14 1
0 98 1 72 2 93 3 10 4 13 5 54 6 76 7 33 8 46 9 91 10 53 11 4 12 20 13 76 14 34
0 40 1 89 2 16 3 12 4 90 5 25 6 55 7 34 8 40 9 54 10 74 11 8 12 38 13 51 14 51
0 42 1 54 2 37 3 70 4 15 5 51 6 63 7 62 8 49 9 95 10 30 11 87 12 66 13 56 14 59
0 60 1 12 2 21 3 24 4 71 5 38 6 75 7 70 8 56 9 64 10 17 11 17 12 53 13 16 14 74
0 37 1 48 2 3 3 44 4 1 5 38 6 82 7 84 8 75 9 25 10 55 11 36 12 47 13 40 14 74
0 44 1 63 2 48 3 31 4 39 5 38 6 62 7 41 8 99 9 19 10 90 11 69 12 89 13 92 14 76
0 9 1 59 2 4 3 23 4 94 5 72 6 83 7 48 8 59 9 55 10 67 11 23 12 59 13 53 14 48
0 85 1 39 2 46 3 43 4 49 5 90 6 7 7 66 8 46 9 55 10 50 11 86 12 67 13 8 14 38
0 44 1 74 2 88 3 26 4 61 5 49 6 49 7 57 8 27 9 89 10 94 11 78 12 91 13 78 14 43
0 80 1 93 2 16 3 20 4 81 5 99 6 1 7 61 8 45 9 41 10 29 11 29 12 64 13 79 14 62
0 99 1 34 2 63 3 10 4 54 5 31 6 86 7 80 8 58 9 95 10 28 11 1 12 42 13 9 14 31
0 47 1 49 2 47 3 35 4 74 5 37 6 17 7 21 8 82 9 6 10 26 11 93 12 73 13 33 14 24
0 10 1 14 2 78 3 88 4 25 5 56 6 99 7 24 8 8 9 11 10 4 11 26 12 74 13 5 14 71
0 71 1 57 2 59 3 11 4 28 5 73 6 22 7 94 8 71 9 27 10 73 11 46 12 36 13 85 14 68
0 95 1 48 2 31 3 17 4 80 5 51 6 37 7 19 8 73 9 80 10 87 11 7 12 48 13 55 14 32
0 7 1 38 2 83 3 33 4 76 5 25 6 15 7 33 8 37 9 50 10 48 11 75 12 11 13 65 14 81
0 33 1 57 2 9 3 68 4 42 5 27 6 60 7 58 8 5 9 33 10 25 11 84 12 66 13 60 14 27
0 18 1 64 2 9 3 48 4 4 5 65 6 75 7 20 8 34 9 93 10 40 11 41 12 92 13 76 14 38
0 53 1 17 2 96 3 42 4 74 5 78 6 41 7 20 8 74 9 59 10 78 11 64 12 32 13 42 14 4
0 54 1 66 2 44 3 60 4 23 5 67 6 11 7 42 8 72 9 16 10 21 11 85 12 47 13 22 14 70
0 10 1 35 2 36 3 63 4 61 5 54 6 57 7 66 8 92 9 91 10 88 11 96 12 92 13 17 14 31
0 46 1 73 2 69 3 73 4 53 5 44 6 76 7 93 8 95 9 41 10 11 11 81 12 51 13 53 14 64
0 50 1 57 2 5 3 35 4 76 5 49 6 73 7 2 8 90 9 50 10 69 11 37 12 8 13 59 14 53
0 33 1 50 2 32 3 72 4 2 5 80 6 20 7 85 8 99 9 66 10 47 11 19 12 76 13 13 14 45
0 82 1 73 2 46 3 11 4 61 5 83 6 71 7 19 8 25 9 86 10 93 11 90 12 62 13 99 14 38
0 57 1 4 2 30 3 98 4 44 5 39 6 42 7 20 8 42 9 51 10 87 11 37 12 29 13 40 14 67
0 89 1 30 2 38 3 9 4 36 5 87 6 5 7 30 8 74 9 83 10 29 11 43 12 16 13 21 14 80
0 9 1 63 2 32 3 27 4 8 5 44 6 4 7 89 8 22 9 25 10 19 11 34 12 86 13 5 14 41
0 76 1 2 2 79 3 4 4 53 5 1 6 51 7 10 8 98 9 42 10 33 11 32 12 4 13 85 14 71
0 8 1 42 2 37 3 82 4 10 5 58 6 27 7 43 8 94 9 36 10 54 11 34 12 78 13 71 14 89
0 81 1 85 2 46 3 71 4 67 5 24 6 76 7 88 8 84 9 21 10 22 11 35 12 2 13 14 14 61
0 20 1 13 2 16 3 93 4 46 5 31 6 92 7 7 8 56 9 70 10 6 11 30 12 85 13 24 14 45
0 60 1 28 2 35 3 16 4 6 5 11 6 32 7 39 8 10 9 16 10 70 11 72 12 13 13 58 14 85
0 91 1 94 2 97 3 12 4 40 5 84 6 52 7 73 8 75 9 23 10 19 11 69 12 33 13 71 14 26
0 94 1 52 2 44 3 97 4 24 5 22 6 13 7 32 8 71 9 35 10 96 11 46 12 19 13 25 14 95
0 37 1 45 2 40 3 36 4 70 5 45 6 88 7 74 8 23 9 67 10 75 11 4 12 61 13 45 14 81
0 31 1 4 2 6 3 31 4 47 5 84 6 11 7 33 8 62 9 17 10 56 11 30 12 61 13 46 14 33
0 26 1 85 2 97 3 18 4 27 5 66 6 87 7 91 8 3 9 24 10 95 11 4 12 21 13 96 14 9
0 74 1 87 2 51 3 16 4 18 5 10 6 10 7 94 8 13 9 52 10 77 11 49 12 90 13 84 14 86
0 26 1 37 2 76 3 8 4 38 5 40 6 46 7 65 8 85 9 59 10 43 11 15 12 23 13 29 14 70
0 86 1 37 2 56 3 35 4 55 5 98 6 7 7 23 8 43 9 65 10 66 11 22 12 86 13 52 14 65
0 19 1 18 2 34 3 56 4 87 5 63 6 51 7 90 8 70 9 63 10 6 11 76 12 51 13 23 14 28
0 53 1 51 2 75 3 23 4 60 5 90 6 64 7 98 8 84 9 13 10 75 11 18 12 10 13 6 14 5
0 41 1 13 2 89 3 28 4 49 5 96 6 17 7 26 8 12 9 36 10 97 11 40 12 96 13 95 14 95
0 59 1 30 2 12 3 12 4 37 5 53 6 31 7 95 8 60 9 89 10 66 11 4 12 82 13 89 14 45
0 6 1 99 2 74 3 66 4 80 5 1 6 94 7 37 8 28 9 72 10 99 11 15 12 58 13 49 14 67
0 45 1 37 2 90 3 21 4 84 5 47 6 73 7 87 8 93 9 80 10 2 11 33 12 16 13 2 14 66
0 4 1 44 2 97 3 25 4 21 5 46 6 78 7 67 8 32 9 71 10 16 11 27 12 86 13 83 14 99
0 4 1 38 2 41 3 53 4 86 5 72 6 39 7 26 8 89 9 19 10 3 11 16 12 91 13 80 14 70
0 49 1 40 2 70 3 65 4 47 5 89 6 98 7 36 8 91 9 28 10 86 11 6 12 26 13 9 14 4
0 83 1 15 2 27 3 35 4 2 5 10 6 48 7 59 8 90 9 25 10 43 11 68 12 66 13 26 14 92
0 46 1 61 2 50 3 24 4 2 5 40 6 97 7 36 8 47 9 79 10 36 11 16 12 19 13 17 14 82
0 29 1 39 2 68 3 37 4 29 5 14 6 28 7 75 8 82 9 52 10 36 11 69 12 36 13 20 14 89
0 18 1 83 2 53 3 55 4 15 5 8 6 83 7 92 8 4 9 96 10 71 11 48 12 77 13 84 14 18
0 79 1 12 2 1 3 31 4 91 5 55 6 65 7 44 8 71 9 30 10 14 11 52 12 44 13 72 14 11
0 53 1 57 2 75 3 6 4 92 5 33 6 11 7 79 8 11 9 15 10 3 11 46 12 95 13 27 14 62
0 90 1 31 2 53 3 54 4 80 5 53 6 7 7 35 8 89 9 93 10 65 11 99 12 79 13 4 14 73
0 34 1 85 2 68 3 83 4 21 5 5 6 43 7 76 8 18 9 60 10 77 11 26 12 18 13 36 14 4
0 89 1 74 2 14 3 53 4 94 5 8 6 93 7 39 8 56 9 24 10 43 11 99 12 48 13 9 14 50
0 39 1 32 2 48 3 2 4 45 5 79 6 91 7 13 8 66 9 76 10 32 11 98 12 56 13 57 14 99
0 43 1 7 2 91 3 78 4 79 5 66 6 49 7 72 8 38 9 77 10 93 11 17 12 45 13 98 14 73
0 17 1 97 2 88 3 46 4 72 5 65 6 58 7 81 8 36 9 27 10 44 11 83 12 29 13 70 14 66
0 26 1 43 2 42 3 84 4 39 5 13 6 69 7 61 8 49 9 6 10 67 11 11 12 78 13 1 14 25
0 85 1 34 2 55 3 92 4 46 5 67 6 91 7 81 8 14 9 94 10 22 11 47 12 59 13 33 14 42
0 37 1 6 2 99 3 26 4 21 5 85 6 38 7 54 8 96 9 5 10 98 11 33 12 69 13 12 14 26
0 94 1 38 2 78 3 45 4 37 5 88 6 11 7 30 8 24 9 27 10 1 11 4 12 53 13 46 14 58
0 10 1 36 2 76 3 37 4 97 5 19 6 45 7 49 8 87 9 51 10 75 11 98 12 53 13 54 14 28
0 25 1 17 2 24 3 35 4 72 5 56 6 51 7 92 8 94 9 95 10 88 11 8 12 43 13 20 14 26
0 99 1 53 2 97 3 50 4 2 5 40 6 21 7 21 8 62 9 47 10 34 11 66 12 87 13 46 14 41
0 77 1 53 2 16 3 69 4 92 5 28 6 93 7 94 8 5 9 57 10 14 11 54 12 21 13 91 14 56
0 87 1 87 2 51 3 48 4 82 5 86 6 60 7 42 8 76 9 9 10 34 11 31 12 4 13 97 14 50
0 59 1 23 2 98 3 16 4 50 5 34 6 50 7 56 8 79 9 73 10 33 11 92 12 48 13 84 14 10
0 54 1 13 2 9 3 50 4 55 5 1 6 96 7 50 8 25 9 97 10 62 11 60 12 55 13 73 14 13
0 26 1 85 2 2 3 56 4 5 5 36 6 87 7 98 8 44 9 60 10 9 11 20 12 64 13 15 14 50
0 17 1 56 2 64 3 84 4 19 5 3 6 21 7 98 8 33 9 60 10 52 11 78 12 66 13 17 14 79
0 78 1 31 2 10 3 48 4 24 5 27 6 36 7 52 8 68 9 3 10 69 11 11 12 20 13 22 14 9
0 14 1 32 2 65 3 78 4 90 5 8 6 81 7 15 8 90 9 91 10 26 11 60 12 57 13 74 14 55
0 19 1 17 2 85 3 88 4 5 5 60 6 66 7 3 8 34 9 29 10 33 11 80 12 45 13 38 14 22
0 32 1 93 2 97 3 83 4 30 5 19 6 18 7 83 8 99 9 81 10 35 11 37 12 15 13 25 14 66
0 19 1 97 2 52 3 8 4 87 5 40 6 57 7 67 8 28 9 5 10 18 11 56 12 87 13 25 14 11
0 61 1 74 2 68 3 45 4 63 5 32 6 67 7 56 8 56 9 94 10 77 11 73 12 52 13 31 14 77
0 10 1 53 2 69 3 34 4 60 5 41 6 87 7 60 8 86 9 73 10 43 11 66 12 40 13 82 14 14
0 23 1 40 2 61 3 63 4 72 5 44 6 44 7 1 8 53 9 59 10 14 11 65 12 41 13 70 14 36
0 98 1 58 2 77 3 15 4 99 5 93 6 83 7 59 8 96 9 57 10 82 11 99 12 34 13 34 14 29
0 85 1 4 2 96 3 24 4 99 5 11 6 37 7 12 8 26 9 8 10 29 11 82 12 83 13 75 14 87
0 77 1 35 2 43 3 46 4 15 5 81 6 67 7 51 8 97 9 15 10 75 11 84 12 53 13 26 14 53
0 89 1 92 2 46 3 47 4 8 5 37 6 45 7 25 8 96 9 44 10 8 11 31 12 32 13 35 14 87
0 78 1 72 2 60 3 35 4 54 5 16 6 94 7 31 8 47 9 55 10 57 11 10 12 66 13 67 14 34
0 44 1 82 2 19 3 77 4 76 5 49 6 56 7 54 8 25 9 88 10 58 11 10 12 31 13 43 14 83
0 77 1 34 2 84 3 31 4 60 5 70 6 31 7 97 8 32 9 13 10 27 11 27 12 70 13 39 14 20
0 49 1 52 2 24 3 32 4 2 5 44 6 68 7 81 8 31 9 3 10 17 11 13 12 65 13 18 14 97
0 93 1 64 2 98 3 6 4 5 5 94 6 17 7 47 8 88 9 65 10 81 11 53 12 61 13 18 14 52
0 21 1 71 2 21 3 66 4 96 5 38 6 6 7 59 8 65 9 97 10 94 11 47 12 77 13 8 14 59
0 89 1 28 2 68 3 5 4 60 5 7 6 14 7 1 8 26 9 61 10 50 11 4 12 98 13 71 14 93
0 52 1 52 2 12 3 57 4 23 5 92 6 71 7 60 8 69 9 48 10 97 11 35 12 29 13 67 14 41
0 68 1 89 2 70 3 42 4 12 5 71 6 83 7 34 8 97 9 87 10 87 11 10 12 74 13 5 14 39
0 50 1 63 2 36 3 97 4 88 5 99 6 26 7 8 8 95 9 41 10 28 11 92 12 98 13 16 14 94
0 67 1 40 2 76 3 87 4 43 5 55 6 79 7 48 8 55 9 43 10 12 11 65 12 15 13 7 14 96
0 53 1 56 2 48 3 28 4 61 5 23 6 84 7 28 8 65 9 50 10 89 11 93 12 64 13 97 14 97
0 53 1 71 2 47 3 30 4 73 5 21 6 52 7 86 8 6 9 49 10 52 11 46 12 11 13 85 14 44
0 92 1 9 2 88 3 74 4 74 5 84 6 84 7 20 8 83 9 45 10 42 11 70 12 59 13 70 14 3
0 29 1 1 2 72 3 98 4 10 5 5 6 57 7 67 8 60 9 83 10 73 11 98 12 40 13 60 14 86
0 25 1 55 2 4 3 25 4 99 5 70 6 62 7 52 8 61 9 87 10 79 11 26 12 81 13 22 14 43
0 34 1 16 2 78 3 9 4 25 5 54 6 51 7 66 8 91 9 34 10 57 11 33 12 24 13 82 14 69
0 32 1 92 2 56 3 30 4 10 5 71 6 24 7 26 8 43 9 85 10 46 11 5 12 87 13 96 14 60
0 53 1 68 2 35 3 83 4 38 5 26 6 36 7 63 8 80 9 58 10 9 11 5 12 25 13 68 14 2
0 82 1 78 2 57 3 4 4 80 5 99 6 32 7 64 8 87 9 54 10 59 11 80 12 95 13 10 14 99
0 73 1 39 2 22 3 74 4 29 5 85 6 13 7 25 8 4 9 26 10 13 11 46 12 26 13 1 14 79
0 1 1 7 2 28 3 82 4 60 5 77 6 85 7 20 8 94 9 7 10 13 11 34 12 99 13 90 14 78
0 44 1 11 2 8 3 72 4 69 5 36 6 66 7 99 8 1 9 18 10 45 11 41 12 73 13 82 14 25
0 77 1 26 2 48 3 40 4 3 5 95 6 67 7 3 8 68 9 26 10 8 11 23 12 27 13 22 14 97
0 45 1 1 2 18 3 87 4 86 5 18 6 85 7 56 8 36 9 32 10 22 11 12 12 23 13 42 14 67
0 25 1 28 2 68 3 26 4 85 5 54 6 89 7 43 8 35 9 63 10 52 11 3 12 36 13 85 14 24
0 80 1 48 2 75 3 89 4 5 5 60 6 51 7 32 8 33 9 59 10 83 11 78 12 97 13 78 14 17
0 12 1 28 2 61 3 80 4 16 5 77 6 24 7 34 8 53 9 62 10 22 11 1 12 11 13 70 14 21
0 47 1 27 2 80 3 81 4 49 5 87 6 15 7 88 8 80 9 13 10 92 11 98 12 18 13 14 14 28
0 94 1 2 2 33 3 55 4 14 5 10 6 19 7 62 8 25 9 43 10 46 11 91 12 29 13 30 14 77
0 84 1 16 2 20 3 97 4 12 5 83 6 40 7 56 8 71 9 85 10 38 11 85 12 46 13 33 14 91
0 46 1 81 2 3 3 90 4 94 5 57 6 21 7 38 8 16 9 31 10 68 11 38 12 35 13 41 14 90
0 14 1 26 2 25 3 53 4 72 5 62 6 34 7 81 8 4 9 34 10 14 11 3 12 10 13 40 14 36
0 49 1 88 2 46 3 87 4 34 5 96 6 14 7 44 8 1 9 67 10 3 11 14 12 20 13 99 14 9
0 78 1 24 2 89 3 72 4 74 5 6 6 73 7 13 8 59 9 98 10 62 11 81 12 25 13 6 14 34
0 32 1 93 2 74 3 22 4 49 5 3 6 69 7 74 8 66 9 4 10 62 11 51 12 60 13 32 14 68
0 1 1 19 2 64 3 48 4 4 5 41 6 48 7 62 8 98 9 68 10 14 11 87 12 57 13 89 14 45
0 30 1 20 2 19 3 35 4 75 5 78 6 60 7 84 8 15 9 8 10 50 11 46 12 41 13 14 14 4
0 31 1 70 2 45 3 51 4 15 5 53 6 73 7 75 8 3 9 97 10 32 11 61 12 96 13 10 14 65
0 87 1 5 2 20 3 73 4 6 5 62 6 9 7 75 8 86 9 53 10 26 11 3 12 78 13 19 14 73
0 66 1 10 2 98 3 42 4 57 5 79 6 14 7 65 8 80 9 39 10 95 11 23 12 26 13 26 14 48
0 70 1 9 2 74 3 46 4 64 5 96 6 72 7 76 8 63 9 18 10 99 11 6 12 2 13 7 14 77
0 55 1 97 2 16 3 96 4 5 5 39 6 97 7 77 8 68 9 32 10 77 11 38 12 74 13 57 14 74
0 2 1 87 2 28 3 72 4 4 5 10 6 32 7 97 8 28 9 28 10 25 11 9 12 31 13 32 14 10
0 21 1 86 2 39 3 23 4 30 5 69 6 91 7 89 8 14 9 80 10 72 11 48 12 37 13 22 14 84
0 38 1 67 2 18 3 99 4 59 5 5 6 5 7 98 8 94 9 77 10 13 11 76 12 1 13 88 14 36
0 98 1 2 2 15 3 50 4 59 5 65 6 81 7 24 8 96 9 37 10 89 11 15 12 46 13 83 14 11
0 35 1 31 2 89 3 81 4 78 5 1 6 31 7 81 8 28 9 28 10 2 11 89 12 74 13 73 14 15
0 11 1 19 2 77 3 53 4 85 5 68 6 45 7 34 8 4 9 35 10 18 11 19 12 73 13 83 14 3
0 43 1 44 2 61 3 70 4 90 5 56 6 19 7 97 8 19 9 1 10 35 11 42 12 22 13 38 14 97
0 31 1 40 2 29 3 28 4 19 5 55 6 37 7 39 8 51 9 95 10 64 11 15 12 59 13 85 14 58
0 66 1 13 2 64 3 86 4 22 5 32 6 32 7 81 8 34 9 46 10 28 11 97 12 68 13 38 14 66
0 69 1 46 2 35 3 94 4 90 5 96 6 30 7 50 8 31 9 59 10 21 11 78 12 59 13 36 14 76
0 58 1 10 2 58 3 78 4 18 5 27 6 90 7 6 8 57 9 3 10 50 11 32 12 96 13 20 14 80
0 31 1 83 2 31 3 43 4 97 5 65 6 50 7 81 8 99 9 98 10 96 11 24 12 74 13 94 14 26
0 81 1 86 2 68 3 39 4 64 5 9 6 2 7 98 8 71 9 93 10 17 11 65 12 49 13 38 14 36
0 81 1 29 2 50 3 41 4 59 5 20 6 32 7 12 8 78 9 59 10 52 11 82 12 19 13 18 14 90
0 64 1 67 2 79 3 61 4 33 5 77 6 48 7 23 8 33 9 7 10 75 11 88 12 20 13 89 14 16
0 39 1 28 2 13 3 52 4 25 5 38 6 18 7 41 8 96 9 16 10 66 11 5 12 49 13 9 14 19
0 27 1 8 2 43 3 46 4 87 5 6 6 84 7 53 8 58 9 37 10 11 11 88 12 35 13 2 14 13
0 48 1 62 2 78 3 6 4 43 5 86 6 13 7 95 8 38 9 45 10 73 11 68 12 81 13 34 14 95
0 12 1 99 2 36 3 96 4 45 5 37 6 94 7 8 8 7 9 49 10 76 11 2 12 54 13 61 14 91
0 34 1 77 2 91 3 98 4 7 5 20 6 99 7 13 8 38 9 48 10 14 11 88 12 32 13 40 14 68
0 8 1 94 2 97 3 50 4 13 5 64 6 65 7 26 8 49 9 25 10 49 11 4 12 45 13 5 14 63
0 83 1 67 2 17 3 2 4 15 5 64 6 64 7 5 8 96 9 75 10 21 11 56 12 70 13 20 14 15
0 10 1 41 2 97 3 16 4 34 5 27 6 59 7 48 8 39 9 86 10 59 11 37 12 92 13 28 14 83
0 55 1 95 2 24 3 13 4 26 5 32 6 53 7 8 8 48 9 11 10 24 11 18 12 53 13 91 14 45
0 24 1 51 2 69 3 52 4 95 5 79 6 66 7 10 8 43 9 87 10 98 11 43 12 10 13 12 14 5
0 90 1 64 2 64 3 45 4 55 5 98 6 63 7 5 8 17 9 97 10 82 11 88 12 26 13 69 14 69
0 55 1 44 2 1 3 98 4 28 5 69 6 10 7 90 8 36 9 95 10 16 11 2 12 83 13 75 14 7
0 78 1 66 2 12 3 64 4 24 5 12 6 33 7 92 8 9 9 39 10 93 11 4 12 30 13 30 14 51
0 26 1 42 2 76 3 13 4 76 5 96 6 78 7 83 8 21 9 54 10 47 11 81 12 80 13 41 14 2
0 88 1 94 2 20 3 29 4 16 5 73 6 55 7 66 8 72 9 22 10 71 11 92 12 74 13 59 14 62
0 52 1 92 2 34 3 65 4 72 5 69 6 50 7 42 8 67 9 17 10 53 11 59 12 5 13 18 14 5
0 91 1 22 2 97 3 54 4 44 5 18 6 51 7 18 8 30 9 80 10 7 11 56 12 1 13 73 14 93
0 78 1 45 2 41 3 90 4 17 5 77 6 15 7 38 8 73 9 92 10 86 11 3 12 29 13 15 14 26
0 76 1 95 2 12 3 3 4 37 5 97 6 46 7 41 8 11 9 5 10 93 11 92 12 28 13 63 14 27
0 79 1 42 2 54 3 35 4 95 5 89 6 54 7 70 8 59 9 5 10 60 11 20 12 70 13 71 14 37
0 28 1 48 2 27 3 63 4 99 5 73 6 90 7 51 8 38 9 85 10 51 11 12 12 95 13 40 14 93
0 46 1 66 2 26 3 25 4 28 5 10 6 13 7 14 8 60 9 61 10 93 11 80 12 12 13 40 14 69
0 36 1 9 2 16 3 77 4 5 5 51 6 32 7 31 8 33 9 40 10 41 11 64 12 16 13 14 14 77
0 3 1 26 2 26 3 32 4 74 5 86 6 86 7 24 8 49 9 91 10 65 11 32 12 59 13 86 14 1
0 38 1 97 2 18 3 45 4 9 5 24 6 44 7 83 8 24 9 12 10 9 11 1 12 90 13 12 14 70
0 73 1 43 2 3 3 40 4 34 5 80 6 62 7 32 8 63 9 60 10 8 11 55 12 69 13 57 14 41
0 85 1 91 2 72 3 32 4 45 5 64 6 12 7 96 8 29 9 1 10 12 11 59 12 44 13 79 14 65
0 41 1 10 2 69 3 76 4 5 5 25 6 65 7 91 8 6 9 75 10 88 11 22 12 68 13 66 14 74
0 45 1 66 2 59 3 9 4 47 5 43 6 95 7 20 8 94 9 28 10 24 11 81 12 63 13 51 14 37
0 79 1 33 2 63 3 93 4 9 5 13 6 77 7 10 8 66 9 96 10 95 11 40 12 97 13 34 14 3
0 69 1 72 2 41 3 38 4 26 5 75 6 2 7 77 8 95 9 11 10 4 11 62 12 57 13 76 14 39
0 6 1 79 2 87 3 7 4 30 5 55 6 13 7 95 8 98 9 86 10 58 11 51 12 24 13 23 14 55
0 67 1 44 2 92 3 82 4 73 5 20 6 11 7 79 8 41 9 16 10 6 11 64 12 48 13 70 14 85
0 39 1 32 2 7 3 59 4 58 5 11 6 38 7 83 8 80 9 29 10 6 11 74 12 42 13 26 14 58
0 30 1 8 2 84 3 49 4 70 5 5 6 94 7 47 8 52 9 4 10 84 11 83 12 97 13 13 14 25
0 53 1 85 2 39 3 12 4 26 5 32 6 8 7 88 8 84 9 59 10 50 11 61 12 98 13 42 14 24
0 97 1 96 2 25 3 67 4 43 5 39 6 1 7 82 8 78 9 9 10 4 11 8 12 14 13 60 14 32
0 96 1 58 2 20 3 56 4 27 5 58 6 43 7 51 8 66 9 95 10 30 11 25 12 4 13 5 14 34
0 73 1 41 2 23 3 96 4 46 5 91 6 53 7 59 8 10 9 52 10 9 11 95 12 8 13 82 14 44
0 80 1 87 2 93 3 76 4 36 5 74 6 39 7 57 8 68 9 84 10 11 11 13 12 32 13 86 14 61
0 22 1 42 2 74 3 75 4 41 5 18 6 46 7 57 8 96 9 15 10 51 11 21 12 44 13 21 14 24
0 22 1 87 2 60 3 24 4 94 5 83 6 47 7 69 8 5 9 88 10 71 11 88 12 76 13 78 14 40
0 61 1 5 2 6 3 95 4 42 5 70 6 6 7 49 8 25 9 48 10 55 11 27 12 8 13 23 14 43
0 13 1 59 2 68 3 18 4 45 5 25 6 3 7 3 8 35 9 88 10 21 11 97 12 50 13 59 14 56
0 16 1 27 2 72 3 71 4 3 5 19 6 22 7 62 8 79 9 86 10 89 11 75 12 3 13 69 14 16
0 20 1 8 2 17 3 34 4 42 5 82 6 58 7 7 8 80 9 21 10 6 11 22 12 55 13 23 14 45
0 98 1 96 2 16 3 5 4 93 5 12 6 82 7 91 8 92 9 16 10 54 11 64 12 19 13 46 14 99
0 84 1 25 2 81 3 50 4 15 5 75 6 9 7 4 8 59 9 20 10 14 11 87 12 63 13 3 14 61
0 52 1 88 2 84 3 70 4 19 5 55 6 6 7 79 8 4 9 48 10 91 11 83 12 9 13 38 14 33
0 77 1 43 2 73 3 1 4 57 5 19 6 73 7 13 8 99 9 1 10 65 11 98 12 94 13 84 14 39
0 58 1 30 2 78 3 85 4 92 5 39 6 58 7 21 8 95 9 47 10 26 11 88 12 69 13 30 14 1
0 48 1 32 2 64 3 34 4 93 5 80 6 22 7 84 8 79 9 95 10 17 11 76 12 21 13 47 14 52
0 24 1 91 2 80 3 83 4 46 5 30 6 22 7 59 8 43 9 4 10 95 11 75 12 39 13 1 14 10
0 53 1 19 2 90 3 10 4 88 5 42 6 28 7 15 8 79 9 34 10 98 11 73 12 2 13 96 14 80
0 40 1 47 2 25 3 99 4 47 5 75 6 76 7 86 8 89 9 91 10 53 11 14 12 88 13 77 14 34
0 59 1 99 2 50 3 23 4 60 5 74 6 43 7 56 8 42 9 23 10 96 11 12 12 99 13 85 14 8
0 21 1 71 2 69 3 67 4 52 5 51 6 48 7 87 8 93 9 46 10 97 11 73 12 18 13 89 14 7
0 64 1 16 2 11 3 50 4 95 5 63 6 70 7 42 8 96 9 32 10 44 11 41 12 62 13 14 14 37
0 32 1 67 2 37 3 58 4 11 5 62 6 93 7 68 8 62 9 71 10 86 11 87 12 99 13 15 14 16
0 69 1 66 2 67 3 49 4 37 5 95 6 25 7 17 8 1 9 70 10 88 11 18 12 18 13 29 14 10
0 32 1 43 2 27 3 80 4 87 5 47 6 66 7 19 8 49 9 25 10 69 11 68 12 47 13 85 14 39
0 76 1 13 2 90 3 66 4 32 5 10 6 67 7 55 8 50 9 38 10 43 11 81 12 35 13 4 14 8
0 35 1 43 2 57 3 55 4 61 5 15 6 32 7 44 8 87 9 86 10 35 11 80 12 86 13 43 14 42
0 15 1 61 2 35 3 80 4 52 5 91 6 72 7 57 8 24 9 70 10 58 11 27 12 89 13 40 14 49
0 26 1 49 2 44 3 46 4 42 5 4 6 64 7 86 8 54 9 18 10 86 11 65 12 27 13 64 14 7
0 72 1 21 2 53 3 56 4 35 5 54 6 89 7 99 8 5 9 45 10 46 11 41 12 18 13 12 14 74
0 77 1 88 2 49 3 15 4 18 5 49 6 33 7 2 8 65 9 54 10 40 11 91 12 46 13 86 14 64
0 75 1 84 2 8 3 40 4 67 5 42 6 23 7 45 8 23 9 63 10 42 11 20 12 29 13 96 14 47
0 59 1 79 2 32 3 26 4 14 5 25 6 35 7 78 8 81 9 51 10 63 11 99 12 61 13 49 14 62
0 41 1 55 2 56 3 55 4 7 5 32 6 8 7 42 8 55 9 40 10 34 11 73 12 64 13 68 14 20
0 90 1 65 2 13 3 44 4 5 5 81 6 10 7 85 8 81 9 91 10 75 11 90 12 98 13 90 14 70
0 36 1 47 2 34 3 67 4 41 5 72 6 81 7 80 8 58 9 85 10 33 11 68 12 83 13 65 14 41
0 86 1 59 2 88 3 21 4 89 5 39 6 21 7 67 8 45 9 10 10 29 11 3 12 98 13 47 14 15
0 10 1 91 2 61 3 29 4 64 5 64 6 32 7 34 8 52 9 19 10 60 11 31 12 42 13 1 14 11
0 63 1 34 2 49 3 23 4 6 5 42 6 29 7 94 8 3 9 88 10 64 11 81 12 87 13 9 14 86
0 85 1 26 2 48 3 35 4 99 5 62 6 68 7 62 8 86 9 79 10 95 11 56 12 97 13 98 14 31
0 33 1 58 2 18 3 4 4 48 5 20 6 5 7 26 8 63 9 65 10 18 11 81 12 90 13 76 14 72
0 64 1 83 2 52 3 5 4 71 5 53 6 63 7 98 8 54 9 90 10 29 11 1 12 58 13 68 14 80
0 17 1 81 2 98 3 68 4 72 5 62 6 3 7 66 8 8 9 11 10 51 11 53 12 51 13 75 14 57
0 67 1 4 2 78 3 5 4 54 5 1 6 58 7 75 8 49 9 72 10 4 11 26 12 68 13 5 14 99
0 85 1 5 2 69 3 33 4 93 5 80 6 60 7 8 8 5 9 39 10 41 11 92 12 99 13 58 14 13
0 22 1 40 2 91 3 91 4 98 5 43 6 86 7 4 8 41 9 25 10 37 11 71 12 37 13 61 14 2
0 21 1 54 2 45 3 45 4 67 5 39 6 21 7 24 8 87 9 82 10 82 11 91 12 53 13 36 14 35
0 84 1 91 2 10 3 27 4 33 5 33 6 36 7 67 8 77 9 85 10 44 11 76 12 97 13 65 14 86
0 32 1 96 2 38 3 91 4 7 5 15 6 97 7 59 8 29 9 69 10 8 11 29 12 6 13 27 14 54
0 44 1 92 2 67 3 67 4 68 5 6 6 36 7 70 8 1 9 32 10 57 11 30 12 67 13 1 14 32
0 92 1 12 2 30 3 64 4 62 5 32 6 30 7 69 8 46 9 14 10 41 11 98 12 82 13 82 14 57
0 79 1 55 2 55 3 11 4 92 5 26 6 41 7 40 8 20 9 63 10 56 11 33 12 89 13 23 14 1
0 82 1 76 2 77 3 57 4 11 5 43 6 38 7 69 8 43 9 53 10 89 11 81 12 11 13 30 14 32
0 70 1 38 2 73 3 31 4 64 5 60 6 98 7 43 8 94 9 84 10 93 11 55 12 11 13 47 14 72
0 53 1 52 2 26 3 26 4 51 5 54 6 70 7 92 8 8 9 31 10 3 11 72 12 8 13 63 14 12
0 24 1 62 2 7 3 51 4 29 5 27 6 9 7 49 8 83 9 4 10 16 11 95 12 24 13 15 14 17
0 83 1 91 2 11 3 90 4 58 5 38 6 24 7 1 8 29 9 1 10 50 11 76 12 50 13 43 14 38
0 56 1 45 2 22 3 27 4 86 5 25 6 35 7 55 8 55 9 99 10 21 11 39 12 12 13 58 14 11
0 54 1 93 2 41 3 87 4 90 5 56 6 42 7 88 8 7 9 59 10 75 11 13 12 55 13 77 14 54
0 67 1 64 2 85 3 61 4 81 5 25 6 91 7 16 8 62 9 1 10 92 11 33 12 40 13 67 14 51
0 85 1 9 2 16 3 85 4 56 5 74 6 71 7 13 8 63 9 41 10 88 11 86 12 42 13 25 14 86
0 1 1 18 2 6 3 37 4 93 5 15 6 6 7 24 8 30 9 79 10 97 11 38 12 49 13 79 14 58
0 86 1 41 2 19 3 6 4 44 5 71 6 95 7 42 8 24 9 64 10 8 11 74 12 4 13 53 14 86
0 54 1 28 2 76 3 34 4 18 5 74 6 13 7 41 8 96 9 84 10 66 11 32 12 41 13 25 14 40
0 15 1 67 2 40 3 22 4 25 5 46 6 91 7 14 8 36 9 78 10 20 11 15 12 21 13 95 14 95
0 61 1 59 2 80 3 25 4 23 5 10 6 78 7 73 8 22 9 5 10 24 11 49 12 40 13 4 14 97
0 93 1 80 2 69 3 49 4 18 5 58 6 87 7 85 8 5 9 37 10 71 11 25 12 12 13 50 14 34
0 54 1 31 2 29 3 67 4 20 5 33 6 88 7 45 8 78 9 21 10 20 11 46 12 22 13 83 14 25
0 75 1 10 2 79 3 10 4 11 5 28 6 44 7 13 8 34 9 93 10 77 11 13 12 44 13 26 14 54
0 32 1 28 2 70 3 60 4 24 5 6 6 45 7 10 8 47 9 54 10 23 11 36 12 8 13 35 14 31
0 62 1 93 2 61 3 21 4 56 5 50 6 71 7 6 8 32 9 24 10 3 11 33 12 44 13 21 14 40
0 79 1 76 2 18 3 10 4 53 5 26 6 18 7 32 8 69 9 43 10 68 11 10 12 42 13 33 14 1
0 64 1 1 2 54 3 22 4 13 5 93 6 39 7 3 8 41 9 92 10 82 11 27 12 15 13 43 14 75
0 30 1 97 2 76 3 53 4 85 5 40 6 67 7 31 8 82 9 7 10 22 11 26 12 20 13 16 14 68
0 73 1 1 2 36 3 82 4 79 5 41 6 44 7 24 8 48 9 19 10 66 11 84 12 53 13 33 14 53
0 86 1 84 2 76 3 47 4 22 5 1 6 22 7 58 8 48 9 1 10 41 11 87 12 61 13 66 14 40
0 21 1 38 2 96 3 67 4 46 5 73 6 23 7 2 8 48 9 1 10 41 11 67 12 89 13 63 14 24
0 97 1 94 2 79 3 11 4 11 5 88 6 33 7 21 8 76 9 33 10 65 11 43 12 66 13 85 14 33
0 68 1 78 2 30 3 20 4 70 5 48 6 80 7 51 8 69 9 88 10 72 11 21 12 12 13 88 14 6
0 7 1 25 2 15 3 9 4 24 5 49 6 63 7 31 8 34 9 48 10 64 11 58 12 59 13 25 14 83
0 80 1 90 2 46 3 1 4 1 5 59 6 6 7 91 8 20 9 96 10 22 11 11 12 82 13 72 14 86
0 20 1 72 2 29 3 98 4 81 5 86 6 90 7 37 8 64 9 34 10 77 11 76 12 65 13 33 14 72
0 69 1 11 2 30 3 18 4 91 5 20 6 7 7 27 8 79 9 99 10 14 11 34 12 48 13 10 14 60
0 95 1 15 2 1 3 38 4 35 5 68 6 18 7 54 8 29 9 80 10 73 11 83 12 13 13 23 14 79
0 75 1 62 2 12 3 15 4 37 5 60 6 58 7 19 8 55 9 14 10 39 11 2 12 32 13 79 14 47
0 45 1 32 2 10 3 55 4 63 5 87 6 32 7 70 8 95 9 85 10 33 11 41 12 10 13 23 14 10
0 34 1 35 2 59 3 11 4 52 5 19 6 79 7 94 8 43 9 22 10 46 11 76 12 52 13 23 14 78
0 47 1 42 2 9 3 58 4 21 5 70 6 72 7 4 8 31 9 37 10 80 11 61 12 55 13 75 14 25
0 54 1 42 2 71 3 23 4 63 5 22 6 19 7 11 8 72 9 25 10 32 11 18 12 18 13 94 14 77
